-0.9508173425371168,2.6949537456876693,-1.706615843420402,1.48843060576645,0.2120775903521003,1.1043937719151447,2.3999619196868203,-0.6830056408346235,-1.490729800296011,-1.3246797213392856,0.5643927052869547,1.9950490713742177,-0.07751479724539284,0.745966805067977,-1.5056519653952685,1.146461697962085,1.121555272952593,1.1653994784207187,-0.33483933646983954,-0.7984869950120553,-0.6197670085200457,-0.5584588803366619,-1.1084923805169553,1.4774515176551288,1.3817535804370937,1.0723969390327774,-0.5901712261140791,1.7324406510444041,-0.26574431020872624,0.490012378166525,0.015517086017679593,2.764636853884584,1.8418333283035546,3.561424588437287,-1.5347968666630687,2.968490398141122,0.5739058188101295,1.0468418498463812,-1.308002784039186,2.4619614573852013,-0.05624394043226749,-2.7074871799107103,1.7503399617983177,-0.018803790249632912,-0.5334967829000513,-0.22577475997194976,1.6471527008143563,-2.076693072016908
numHidden 	5
numGenes 	48
minGene 	-2.5
maxGene 	2.5
popSize 	200
maxEvaluations 	12000
selectionSize 	10
mutateRate 	0.07
mutateChange 	0.16
seed 	1585407015343
random 	java.util.Random@4f7bfb90
neuralNetworkClass 	class coursework.ExampleHillClimber
Training Set Training
Fitness 0.11054104110953024