-0.03565662941796352,-0.5472985822721732,-0.05112159446606135,-1.074757839799238,1.0272415559734014,-0.016229443024399076,0.612748565132455,-0.9571177894074175,-0.3343578155787189,0.5302900093017145,-0.08447612207648697,-1.1596242891397897,-0.3539337936193032,-0.06561897382372767,-0.006640330617944806,-1.1546610713596392,0.19486268670468496,0.009224468126808022,-0.26725802692480394,-0.28518555206196894,-0.24545519734607338,0.8123281641669835,0.464894455217294,-0.6328487017148546,0.08162560213398012,-0.28498706656794714,0.1839877139507475,0.3472164548673885,-0.22712674792651474,-0.3896396699311139,-0.3347688375989425,-0.12100329339359939,-1.5132109369676578,-0.4104403829333261,-0.6330641078405846,0.30046997294294364,-0.4867560481468779,-0.7394631116061005,-0.785105758625602,0.1726956440726923,-0.463408146529235,-0.21705492471635493,0.4879299727198121,-0.19160641082509097,-0.0637881288285308,0.3500380483469361,-0.7497696230782385,-0.32514810239418657
numHidden 	5
numGenes 	48
minGene 	-0.5
maxGene 	0.5
popSize 	200
maxEvaluations 	12000
selectionSize 	100
mutateRate 	0.8
mutateChange 	0.1
seed 	1585408517431
random 	java.util.Random@5abfbda2
neuralNetworkClass 	class coursework.ExampleHillClimber
Training Set Training
Fitness 0.11213515928613595