0.18195183291327024,0.08192316292202231,0.42376467897643244,-0.23754511704959627,0.505443296325425,-0.060575782405894646,-0.30053813253155637,-0.24869140715122506,0.02232604896641191,0.425917944783609,-0.027365717197775336,0.5444087920550419,-0.22290095416794375,0.4207809639672333,0.028179175677350093,0.11842703905975116,-0.2631869336978283,-0.07114771994249927,0.33748091532383184,-0.5736395479086636,0.011670664126605002,-0.21296750397025424,0.02038311595838785,0.11621547616814645,0.38490915263086356,0.03962209828851013,-0.34081053463824496,0.3807757384819882,0.1811967305321742,-0.34819770733383537,-0.537344372768844,-0.06652099051848268,-0.08314113176905968,0.2001317893065343,0.3772926672907392,-0.33031245202220305,0.5223214471362279,0.32131543753610736,-0.20650191291993783,-0.556857651196438,-0.06952167176569016,0.3491339160782747,-0.09952468052373994,0.3641508573761931,0.38426072755983176,0.12430594187800639,0.5065984728973404,0.30906466446010594
numHidden 	5
numGenes 	48
minGene 	-0.5
maxGene 	0.5
popSize 	200
maxEvaluations 	20000
selectionSize 	100
mutateRate 	0.8
mutateChange 	0.1
seed 	1585487577829
random 	java.util.Random@7960847b
neuralNetworkClass 	class coursework.ExampleHillClimber
Training Set Training
Fitness 0.3721057116399391