-0.6231940616904176,1.9841320618159264,-1.0076084673802916,-0.540335762405029,1.0325382120674762,-1.0546658828145843,1.6832499197747035,0.767106181293091,-0.7517064423748152,1.7101950414573606,1.8809722102301996,-0.8889436653897843,3.1109189767845375,1.1871046421722584,3.773662334416376,-1.5186702678605866,-0.3765467582977825,-0.7321151002443023,-0.16597981243149842,-0.06413994348133806,-0.23758203879473774,3.424530171542912,-0.8090408129118167,1.400195505430267,0.4325089603364196,0.3212628411418903,1.4944251774698638,-1.9934877255738745,0.15354083188153125,0.7567625703834895,0.9743003917738823,-1.4493053893019658,-2.4018762197773613,-0.1471250372454969,2.3660360793999624,1.020605211049008,-1.7515583633555085,0.28379903130602246,2.3936640813266,1.579485980305702,-1.2633733428683807,-2.066299796316105,-0.11490393207866959,1.0755007668293044,1.3556142605859565,-0.39911135448609736,1.9851260726389242,0.4917549243423269
numHidden 	5
numGenes 	48
minGene 	-2.5
maxGene 	2.5
popSize 	200
maxEvaluations 	12000
selectionSize 	8
mutateRate 	0.05
mutateChange 	0.16
seed 	1585405794528
random 	java.util.Random@637021a8
neuralNetworkClass 	class coursework.ExampleHillClimber
Training Set Training
Fitness 0.12153695657578882