-0.27012538545485154,-0.5747750329165475,3.3443125287735618,1.00790046856152,-1.566807804081674,1.3538175610550534,-1.2916603085719176,0.22631903966709555,-0.13393667756688546,2.1789047157186237,0.8561292302046201,-3.052583098627438,1.4475404583348037,-1.0120778573967846,-1.1053182231580068,-0.9882820364086448,-0.34084335520018416,0.05549559895688114,-1.5089117042271036,-1.354807754830862,-0.887250849397046,-0.5192736109130044,1.0741738670890215,1.578008670041008,-2.6348874834064424,1.82486471258499,2.4235994806933325,-1.1125641429777924,1.385004531623161,-1.5300147124013757,2.176260712655781,2.0887236856990854,1.3407245992831958,1.9022821298352168,-0.20435516678816337,1.8589336743981653,-0.6545723283790034,-3.587138295839622,0.8718766184737915,-0.35393225392664496,0.8225358884865279,-0.14558221941210334,-2.2014966563135885,0.6394775525364783,2.8350489211247343,-1.2560681022187103,-2.2433585027195004,-0.2425785566371795
numHidden 	5
numGenes 	48
minGene 	-2.5
maxGene 	2.5
popSize 	200
maxEvaluations 	12000
selectionSize 	8
mutateRate 	0.04
mutateChange 	0.15
seed 	1585394898810
random 	java.util.Random@a398b2a
neuralNetworkClass 	class coursework.ExampleHillClimber
Training Set Training
Fitness 0.10654275645972727