-1.8940270740970622,-2.5306385089678303,2.387901122944859,-2.879917573230765,-1.8871737535894024,0.9867766295135842,1.6370757818685755,1.281360540564819,-0.4445384000734207,0.7571956281731484,2.4102485494858055,-2.028118074353027,-1.3181433739161095,2.1860970644045006,2.1512186053822218,-2.4658738566470655,2.6312965927634986,-1.1838625706988597,-2.035086750462112,-2.168960430868327,-1.0179353192998852,-0.4569265857072411,0.5253075541187021,-0.7749201790062465,-1.4715632677367967,1.9353045924196834,1.0320529960812852,1.870077483633219,-0.28094702648207814,-1.0320863607952258,-2.698404014444316,2.666442416441811,-2.094470863221581,-0.0542489173466123,2.1641104101809763,0.21265966736444675,-1.2955318392944628,1.3912859790325678,-2.0393809438894674,-0.9940555881133992,-1.6321670882753219,-1.7883852552835138,0.8952194291037365,-2.9976537055884194,-0.9140662831543622,-1.9648095044407878,0.7953844920815385,-2.5584844617727445
numHidden 	5
numGenes 	48
minGene 	-3.0
maxGene 	3.0
popSize 	200
maxEvaluations 	12000
selectionSize 	14
mutateRate 	0.04
mutateChange 	0.15
seed 	1585395186703
random 	java.util.Random@1e6f0cd9
neuralNetworkClass 	class coursework.ExampleHillClimber
Training Set Training
Fitness 0.6365595627509343