0.6037504590620777,2.6889934665585145,-2.7754328248833935,-0.08974873774369066,1.834438415697818,1.6894181800161254,-0.5308483249954643,-2.382248822087344,-2.0013727542757627,-0.11318054971314565,2.104585575676101,-1.5112792734530531,-2.4288506350167873,2.3570705774675154,2.3041495923550888,-1.4792516033207774,-0.2351448353435797,-0.08245765163460153,-0.9962051442743379,-0.7795228821317773,1.7620336997069548,-0.2997020790349209,1.8505973846598383,-0.6289732268957305,-1.4182914439839556,-1.0174938379819891,-0.3057568417699894,0.5283683316964959,-0.8454081581853985,-1.4230358815288744,0.6653016038396196,0.05666604513367818,-2.0020117093631637,2.1889334090495334,1.7826749419711345,-2.2309507983444257,-1.7403018306406728,2.2050695537119296,-1.0625040232122411,-0.8470304282375607,0.2829763772705143,-2.0539583283369125,-1.1881205254992047,-2.4717536132695668,1.9838612556883382,0.5365106197627805,-1.191688144500504,0.21109576175640846
numHidden 	5
numGenes 	48
minGene 	-2.5
maxGene 	2.5
popSize 	200
maxEvaluations 	8000
selectionSize 	8
mutateRate 	0.04
mutateChange 	0.15
seed 	1585394332729
random 	java.util.Random@6f2bdac6
neuralNetworkClass 	class coursework.ExampleHillClimber
Training Set Training
Fitness 0.08744542518980572