0.21343895202236465,1.3459510248803594,-1.108264357469032,-0.4371363459310057,-0.6944079789269341,-0.017289328671495463,1.273080143112422,0.046126583570604895,0.6776076236308265,0.7521057831327809,0.012465984221105841,0.451140249068155,1.5403140523604404,-0.2102677353320186,-0.934151153434081,0.3011929284118128,0.9110134752711211,0.455735485116469,0.010391140741860205,1.0077067741434926,0.680257602225806,-0.10781299730730151,-0.2465828191931342,-0.015063785468170776,-0.3662541700374899,0.2815919844709648,-0.3453800493642015,0.23193515450773208,0.4444335978471202,-0.08424431259977985,-0.3444851405971825,0.8761769510666763,0.27025148480980193,0.4670504364550293,-0.14455382522663954,0.5310251025113037,0.513147780848574,-0.06306405598757686,0.11876584661276882,-0.3729360005788461,0.46547997083905857,0.7893997089438609,-1.306884008642833,0.9351119905711868,0.44009327348992433,0.20979544088652594,-0.4859406207661947,-0.24344822591090323
numHidden 	5
numGenes 	48
minGene 	-0.8
maxGene 	0.8
popSize 	200
maxEvaluations 	12000
selectionSize 	100
mutateRate 	0.05
mutateChange 	0.15
seed 	1585407826953
random 	java.util.Random@326471f7
neuralNetworkClass 	class coursework.ExampleHillClimber
Training Set Training
Fitness 0.007599927904209244