3.0754194765812617,-1.2233131741769028,-0.9073204531256887,-1.344028698355612,1.0575030166805306,-0.9026880351019064,-1.809635866264166,1.6112913259492836,2.0711252520453307,1.09630989144863,0.2599849014172749,0.9623469590476252,0.48861901950394987,2.233771840860394,0.18500463152596613,-0.5609340870826689,0.18961200245036858,3.1122492461184086,-1.7720660328406617,1.8542788909226913,-0.21884322007113644,-1.540512931152232,-1.547279370867741,1.5071114495519562,-1.1237263559356008,-2.415833729256805,2.3159058942328574,0.9544329770272864,0.8415101559786218,-1.6415300073569887,1.0427190569589264,-2.3613519590189,2.09931290360834,-2.0232043189134883,3.6325963874796905,-1.8662482668523734,0.1024547813819604,2.141693645212117,3.4231844824677147,2.5514512149617943,-0.7145448757859953,-1.0638795537625119,0.6827065139892203,-0.864710764225183,-1.958124215316002,1.8553527449830123,-1.1023584620623228,0.4630889003486651
numHidden 	5
numGenes 	48
minGene 	-2.5
maxGene 	2.5
popSize 	200
maxEvaluations 	12000
selectionSize 	20
mutateRate 	0.07
mutateChange 	0.2
seed 	1585406317386
random 	java.util.Random@1e6f0cd9
neuralNetworkClass 	class coursework.ExampleHillClimber
Training Set Training
Fitness 0.11765561208862992