-4.621943467467343,3.4483231928144598,4.1994455807070565,-3.480368311489306,0.604379112235698,-3.0973980829629553,3.372733501587348,-4.478250252649572,-2.984299293431532,-2.9530550209974744,-1.71115564516166,0.8515836347461762,-2.543107775273349,-3.5106855334183953,-1.8457099300793596,-2.7676839505933164,3.7774526642370683,-5.220687796441106,2.280391272456732,3.0607096413665436,-0.3984458071420066,-0.06949567216152089,-0.572146577927999,-0.3460075433465035,3.1785094863349355,5.265904447223413,0.818117839030019,-0.10058100223209235,0.3617569002270049,5.0116625983536265,1.7166130444321288,-0.830164732882064,0.9910195229206241,-1.3969260335671714,1.6945967351608955,3.5326421494047406,-0.5711386351004145,3.056079088647472,-1.37215924614144,-2.506389164389777,-1.2705767764001323,1.396493109607924,-2.9580284502798118,1.0310688550529277,-0.006318577930605029,4.128261992864821,3.265845083187133,-4.259963754588116
numHidden 	5
numGenes 	48
minGene 	-4.0
maxGene 	4.0
popSize 	200
maxEvaluations 	8000
selectionSize 	2
crossoverChance 	0
mutateRate 	0.04
mutateChange 	0.15
seed 	1585392988629
random 	java.util.Random@2287f66d
neuralNetworkClass 	class coursework.ExampleHillClimber
Training Set Training
Fitness 0.12501219719684994