1.0589456063738083,-1.050877462125273,-0.6767945050740573,0.04440050124517253,-1.0226888400183052,-2.4139283931943076,-1.1462420193370895,0.6953565057912567,-2.436705585129966,0.5172781234995664,2.0659041473070996,-1.058578307881756,-2.242320817339057,-0.09709085109983237,-2.252895794978786,1.29078460919786,0.5815904756114314,1.022325838994979,-2.4759449691596647,-2.224142470003933,1.1579353483895412,0.7722756927337263,3.0833986734171974,1.7406316081856632,-0.40809129184550463,0.5728495228379943,1.6831257127694756,-0.7128425203195461,-0.5821439105186837,0.17240801963597,2.022061297370514,1.2926107278785495,-0.3834598401444196,3.2222593191399698,-0.1502953310062494,-0.8489008262804388,0.6698702881474485,0.9676809175449826,-2.4801706618071853,1.0733146615004945,-0.21059144411568567,-2.6660420378914296,1.7786279751750407,2.012325069294159,2.6104750518641078,0.954424100537354,2.4318254368131456,-1.2047496471300636
numHidden 	5
numGenes 	48
minGene 	-2.5
maxGene 	2.5
popSize 	200
maxEvaluations 	12000
selectionSize 	8
mutateRate 	0.05
mutateChange 	0.16
seed 	1585395518188
random 	java.util.Random@2287f66d
neuralNetworkClass 	class coursework.ExampleHillClimber
Training Set Training
Fitness 0.1286287923928195