0.3515211936534435,-3.9931965750649168,0.13920927645532988,0.6389972394876224,0.7209868898410514,-0.7669680472181364,0.20054544408887676,-0.0922557969936566,1.496035371390687,-1.611570890680098,2.926590645287103,1.5160142433427675,-3.53955398040136,-0.3469366926262234,0.7591881526883659,-2.4678904225394396,-0.3647262040004199,-2.0321673909302937,0.14882743867623507,0.23889564447946832,-3.2498333101013577,2.845681676894232,-1.303135411826558,0.8995199258866977,3.883696609723585,1.8550673607429662,0.590900623255834,0.04315883360798889,1.9760752250107148,1.0044319312417684,0.2280965672463786,-0.4027949997037181,-2.1370679018492638,0.014258995260749252,-1.0084901122273857,0.07512892908252855,-0.4258458790072357,-2.5289062437278993,2.36485426261485
numHidden 	4
numGenes 	39
minGene 	-4.0
maxGene 	4.0
popSize 	40
maxEvaluations 	8000
selectionSize 	2
mutateRate 	0.04
mutateChange 	0.15
seed 	1585392204086
random 	java.util.Random@2287f66d
neuralNetworkClass 	class coursework.ExampleHillClimber
Training Set Training
Fitness 0.3721057116399391