2.751991462076863,2.3763771434577987,-1.771692553781918,1.7823379043393301,0.14408832975772737,0.9815990301407164,-0.402535528081716,0.5328304292869096,-1.4468875589273995,1.726196373525863,-0.1935660728570934,0.010602964191626263,-0.7500374413407878,0.7791085976577428,0.03508266581409464,-0.9831100063512485,-1.588944726845339,0.21286197661412545,-1.0084286226607033,1.2514633585749773,0.13240680230446836,-2.6536305822731743,-1.128823121475028,1.232232993823431,0.4837666003601445,3.8713782940277843,1.8169193492480027,0.525173877838279,1.2210453883446182,0.0882359119444816,-0.8470119935367565,-1.080591358890048,2.219842796322995,1.6365267250198554,-0.39034943703803404,0.5102852857383646,-1.6462934615075575,0.7922660665225303,-0.09771788144375707,-2.3724557670598574,-0.9021786662163932,-2.7642804271641666,0.16734007516113283,-0.713820161765028,3.9121465399079467,1.972549048957464,-0.30544095118945125,-0.9356427295666924
numHidden 	5
numGenes 	48
minGene 	-2.5
maxGene 	2.5
popSize 	200
maxEvaluations 	12000
selectionSize 	20
mutateRate 	0.07
mutateChange 	0.16
seed 	1585406587182
random 	java.util.Random@6fa75118
neuralNetworkClass 	class coursework.ExampleHillClimber
Training Set Training
Fitness 0.10634661481802543