-1.2,-0.3000000000000001,4.499999999999999,-1.2,2.4,-5.699999999999998,-0.3000000000000001,0.5999999999999999,-1.2,0.6,-1.5,-0.6,-1.5,2.1,2.1,-2.9999999999999996,-0.8999999999999999,-2.1,-2.1,-0.3000000000000001,-0.2999999999999999,0.5999999999999999,0.8999999999999999,-1.1102230246251565E-16,-0.3,0.5999999999999999,-0.5999999999999999,-2.9999999999999996,0.3000000000000001,0.2999999999999999,-2.4,1.5,-3.599999999999999,-0.5999999999999999,1.1102230246251565E-16,-0.5999999999999999,0.2999999999999999,0.2999999999999999,-1.5,-1.1102230246251565E-16,1.1102230246251565E-16,-0.5999999999999999,2.9999999999999996,-1.2,-2.6999999999999997,-0.2999999999999999,-1.1102230246251565E-16,0.5999999999999999
numHidden 	5
numGenes 	48
minGene 	0.0
maxGene 	0.0
popSize 	200
maxEvaluations 	20000
selectionSize 	120
mutateRate 	0.6
mutateChange 	0.3
seed 	1586440739649
random 	java.util.Random@1e6f0cd9
neuralNetworkClass 	class coursework.ExampleHillClimber
Training Set Training
Fitness 0.016913207493874274