1.0,1.2,-1.2,1.5999999999999999,0.20000000000000007,0.8,-0.20000000000000007,0.6000000000000001,1.2,-0.6000000000000001,-1.4,1.2,-0.20000000000000007,-0.6000000000000001,-0.8,-0.20000000000000007,-0.39999999999999997,1.0,1.9999999999999998,-1.4,0.0,-0.20000000000000007,-0.20000000000000007,0.20000000000000007,-0.20000000000000007,-0.20000000000000007,0.6000000000000001,0.2,1.2,-0.19999999999999996,-0.6000000000000001,-0.4000000000000001,1.9999999999999998,0.4000000000000001,-0.8,0.8,-1.5999999999999999,0.6000000000000001,1.2,0.8,5.551115123125783E-17,-0.19999999999999996,5.551115123125783E-17,0.6000000000000001,-2.1999999999999997,-0.8,0.4000000000000001,-0.6000000000000001
numHidden 	5
numGenes 	48
minGene 	0.0
maxGene 	0.0
popSize 	200
maxEvaluations 	12000
selectionSize 	120
mutateRate 	0.8
mutateChange 	0.2
seed 	1586434119939
random 	java.util.Random@2287f66d
neuralNetworkClass 	class coursework.ExampleHillClimber
Training Set Training
Fitness 0.0217121255635929