0.6000000000000001,1.2,-1.2,1.1102230246251565E-16,-3.899999999999999,-2.1,2.1,-0.8999999999999999,-2.1,0.8999999999999999,-0.8999999999999999,-2.4,-1.8,3.599999999999999,1.8000000000000003,1.2,1.2,1.8000000000000003,1.1102230246251565E-16,-0.5999999999999999,0.2999999999999999,-0.3000000000000001,-0.3,0.6000000000000001,-0.3000000000000001,3.0,-2.1,3.599999999999999,-0.3000000000000001,1.8,-2.6999999999999997,1.2,1.5,0.2999999999999999,1.2000000000000002,-0.2999999999999999,0.3000000000000001,-1.2000000000000002,1.5000000000000002
numHidden 	4
numGenes 	39
minGene 	0.0
maxGene 	0.0
popSize 	200
maxEvaluations 	20000
selectionSize 	120
mutateRate 	0.6
mutateChange 	0.3
seed 	1586439168512
random 	java.util.Random@326471f7
neuralNetworkClass 	class coursework.ExampleHillClimber
Training Set Training
Fitness 0.009030235637256717