0.19999999999999996,0.19999999999999996,-0.20000000000000007,0.20000000000000007,0.19999999999999996,-0.6000000000000001,0.6000000000000001,0.19999999999999996,2.1999999999999997,2.6,-0.20000000000000007,-1.7999999999999998,-1.4,0.2,0.20000000000000007,-1.7999999999999998,1.4,1.0,-0.6000000000000001,0.20000000000000007,-1.4,-0.6000000000000001,0.6000000000000001,1.0,-1.4,-0.2,0.6000000000000001,1.0,-1.4,0.6000000000000001,-1.7999999999999998,2.1999999999999997,0.19999999999999996,-2.1999999999999997,-1.0,1.4,-0.19999999999999996,2.1999999999999997,1.7999999999999998,-0.6000000000000001,-0.6,-0.20000000000000007,0.19999999999999996,1.0,2.1999999999999997,1.0,-0.6000000000000001,-2.6,1.4,2.1999999999999997,-1.0,-1.4,0.19999999999999996,1.7999999999999998,-1.0,-0.19999999999999996,0.20000000000000007,0.20000000000000007,0.19999999999999996,-1.4,-1.4,0.6000000000000001,-0.20000000000000007,1.4,-0.20000000000000007,1.4,1.0,-1.0,-1.0,-1.0,-0.6000000000000001,-0.20000000000000007,0.19999999999999996,1.0,-0.19999999999999996
numHidden 	8
numGenes 	75
minGene 	0.0
maxGene 	0.0
popSize 	200
maxEvaluations 	20000
selectionSize 	120
mutateChange 	0.2
seed 	1586438952559
random 	java.util.Random@326471f7
neuralNetworkClass 	class coursework.ExampleHillClimber
Training Set Training
Fitness 0.11447079214869481