1.5993470405609567,0.45247918194510195,1.1037029475794042,-0.2418962334545085,1.2385610016013655,-1.0698698924815784,0.9318132764284967,0.2594842143964726,-0.1814832907206199,2.2805430026936264,1.8239043994734807,-2.236101071798296,0.3931084244783507,2.2611499064910126,-2.0102196391106943,1.7853936013884861,1.3147395941445938,2.079622837839715,-0.5015470915367475,2.817966831959676,-2.3506654769442834,-0.8637219800865826,-0.7265816116942073,0.6866072580138555,1.2779075346642679,-0.25452148240870975,-1.1824122668180679,1.722498243482879,-1.0966492727075838,1.0607963715193467,-1.5415005316245707,1.2442796229076065,0.8516041033344818,0.732017352714572,1.4530811313700567,1.8837041593211392,1.7331339571312059,-1.7183597086132107,-0.25389552778417734,1.0067194039248655,-0.23634981199355845,2.604344513115711,-0.06238522443769129,-1.3500482341354028,-0.9677473459619713,-1.6350328647630414,-1.1180037961700315,1.2677659738214342
numHidden 	5
numGenes 	48
minGene 	-2.5
maxGene 	2.5
popSize 	200
maxEvaluations 	8000
selectionSize 	8
mutateRate 	0.04
mutateChange 	0.15
seed 	1585394332729
random 	java.util.Random@6f2bdac6
neuralNetworkClass 	class coursework.ExampleHillClimber
Training Set Training
Fitness 0.518343846522099