-1.9294431283692806,-2.7403439159810286,-2.433699177760146,0.1672690254558106,-1.5336117325436138,-2.7311172833662445,1.867756709979223,3.374149013037744,-1.3455863937252486,3.275912117950764,-2.3092779946509627,1.031498105315142,1.5434738709282554,0.0055127193816414954,0.3148248382623421,-3.3460430633910847,0.582281723831652,2.046327765097339,1.5621632096305573,4.737626764222981,-3.1284727432230244,-3.150353606299547,-2.6416717269987604,-2.5750472181301514,0.36399986357378833,-2.1073186341249763,1.8058737243343121,1.2882551011498737,1.2135487566960093,0.04574073996471545,1.2838848302479264,1.6686580463126055,-0.8903199099822311,-0.38978216213118944,0.9789023244258549,0.37533190199460675,0.5918145399950016,-0.2968862637404617,0.22530724675066904,1.2493715280463285,-0.4742927490795642,-1.2461537918244372,2.5373757703429645,0.32730627394124256,4.244257870304746,-1.2996143036854824,-2.4994360887841234,-1.04885428192927
numHidden 	5
numGenes 	48
minGene 	-2.5
maxGene 	2.5
popSize 	200
maxEvaluations 	8000
selectionSize 	8
mutateRate 	0.04
mutateChange 	0.15
seed 	1585394332729
random 	java.util.Random@6f2bdac6
neuralNetworkClass 	class coursework.ExampleHillClimber
Training Set Training
Fitness 0.2391372245677851