0.04787958223901173,1.3731495645191174,-0.8900174977547948,1.5488728107271659,-0.6755587570259985,1.2154861539908506,-1.278955205744115,1.7789684051860186,1.9110096332099653,1.422451733849792,-0.2524957147511254,-0.46680564909639666,-0.27645840944892963,2.139317843034726,2.1205464609317524,-0.7254529491484782,-0.14353940827218295,1.979741803790024,-0.6891923538634229,-1.1175870112833084,-0.24848696027589637,1.7266907578147146,0.9427178534943582,-0.32410003132917686,1.5751324164399034,-1.6399781938444988,-1.7060726409992886,-0.66458247596575,-0.3204662793649641,-1.578712802943941,-1.1976980762712923,-1.4540323049457813,0.7735365566099898,0.9583688938993995,-1.233745386911115,-0.41985958950997493,-0.845099157394655,-0.15042489248912197,0.6624602816598185,1.7083373912710043,-0.043262320058513326,0.338864533564985,1.168283377202627,-0.9317199276228484,-0.6636594490610779,0.2208942288461089,0.41452849347260323,-0.15461145566727152
numHidden 	5
numGenes 	48
minGene 	-2.0
maxGene 	2.0
popSize 	200
maxEvaluations 	8000
selectionSize 	8
crossoverChance 	0
mutateRate 	0.04
mutateChange 	0.15
seed 	1585393597065
random 	java.util.Random@3de442cd
neuralNetworkClass 	class coursework.ExampleHillClimber
Training Set Training
Fitness 0.12895633054359162