0.11107589085196462,0.22969691491741537,-0.164106532994768,0.42253262431101046,0.28769633950365103,0.07901386842942931,0.29467991968401397,0.8076683883412856,-0.48841044355725083,-0.3815381438913491,0.5193856709232677,-0.1561828421590767,0.1771284042337696,-0.25604212578719765,0.2664676911034758,0.023892481388891357,0.4277795101742937,-0.19360806596779676,-0.41293671024497036,-0.49746361044269594,-0.12622135887289715,-0.24629798459351496,-1.1054543661335878,-0.33076916009637614,0.07188495262697264,-0.08638747754789783,-0.20012561498848755,0.39505905681637576,-0.3181799621123367,-0.4587391344633468,0.9739758463140529,-0.6866232928973989,0.6923178857445935,0.47956991711231955,0.17783264280738018,0.6464105848589154,-0.05571823522717373,-0.08989317809279906,-0.16134169136825702,-0.1521893667548492,0.06936501002165751,-0.49169864330099644,0.24447705782587656,-0.5045613517023249,-0.09063749146440309,0.259280148692951,-0.22037509727329577,0.0391849786634125
numHidden 	5
numGenes 	48
minGene 	-0.5
maxGene 	0.5
popSize 	200
maxEvaluations 	12000
selectionSize 	100
mutateRate 	0.8
mutateChange 	0.1
seed 	1585408837237
random 	java.util.Random@73519f2c
neuralNetworkClass 	class coursework.ExampleHillClimber
Training Set Training
Fitness 0.01994605018145246