-0.09682008233680492,0.33546185602413503,-0.9065538751960777,0.6470078870304755,0.6264251205707837,1.1672395045725668,1.0467222291744576,0.2987485187372373,-0.7627027003001903,1.7817850522752596,0.6516612130359625,-0.16107610904366346,-0.8731762132904434,0.9701943658739104,0.680900474423594,0.07322732818568298,0.6394370463223503,-0.6948545039938316,-0.7128065561970032,0.782180542664617,0.0597256339276096,0.6295332131920455,-0.36787647368056586,-0.1588740550156686,0.049338128957627736,-0.9569279850721804,0.6004183789924327,-0.29452454404513406,0.2125619948498572,-0.3127261982266471,0.3031716950623682,-0.10593627414679155,-0.1497683693325497,0.4681523387750324,-0.09746314074935988,0.31552406991346305,-0.6709967217680843,0.41120136029678556,-0.03403459565191164,0.030925526648331064,-0.5533332734428523,-0.22536108309469938,0.3998201014602143,-0.42952004643297714,0.43404693902068026,-0.20539448576660413,0.10020129988893126,-0.17705170727638028
numHidden 	5
numGenes 	48
minGene 	-0.5
maxGene 	0.5
popSize 	200
maxEvaluations 	12000
selectionSize 	10
mutateRate 	0.07
mutateChange 	0.16
seed 	1585407315887
random 	java.util.Random@637021a8
neuralNetworkClass 	class coursework.ExampleHillClimber
Training Set Training
Fitness 0.015859045800049848