-0.8291462472498439,-0.8718130528325224,-0.5165521013348676,-0.44369728258518615,0.9408674612019233,0.18506683429725282,0.2564005140613096,0.22152496387141266,1.3888677048901104,0.4163161683583432,-0.9502822210084133,-0.6662958978919491,0.08505159874336815,0.3534447057286715,0.8299305207841972,1.1381669691443024,-0.39764035008352927,0.9418452471323908,-0.10640530622600866,1.4678251249238023,-0.49376934430939357,0.2131828858401558,0.35947066993643173,0.7356555363173141,0.37087082637218116,-0.5030771027312134,0.14579140580011352,-0.9901334321132215,0.5510815953300383,-0.6429840988636025,0.6507672145543728,0.5334307745270268,0.5125205130162741,-0.5282890956133139,0.6295513894856287,0.3728701870354911,-1.0204038437376053,-0.37107915863177876,-0.26152965497432823,0.9668825964425106,0.31902746622506706,0.16651810819508306,-0.5426000267572981,-0.8064002697599526,0.7184249340515004,-0.13360967569927365,-0.8362531752275214,0.2259725874628839
numHidden 	5
numGenes 	48
minGene 	-1.0
maxGene 	1.0
popSize 	200
maxEvaluations 	12000
selectionSize 	10
mutateRate 	0.07
mutateChange 	0.16
seed 	1585407204526
random 	java.util.Random@2287f66d
neuralNetworkClass 	class coursework.ExampleHillClimber
Training Set Training
Fitness 0.09761840444667935