-0.1444601100873416,1.6152390012257443,2.9499771813876117,2.1526520879577804,-3.296242455354118,-1.778095155849536,0.31393874817745954,0.24632777994184807,-1.5176665723527092,-0.2903545300771181,0.745632242145758,0.5158020988235865,-0.6054096552223869,-1.93958170253286,2.2553939820382514,1.676705978501036,0.561610647370399,-0.2491593933496027,-0.10527611858785779,2.4741792850659383,1.680391080561722,0.0619170045345116,1.305236740756033,1.163158769289441,3.7179328281188946,2.953055139478272,-0.7050037170579446,-2.4355272785493494,0.5264099557444495,-2.190756620934384,3.5928065445351294,-1.4242686628068277,-2.307707487087513,-1.5176244988552117,3.102518032329022,0.22186592618096396,-2.0524587527110563,-2.7526856311023398,0.9383907204881361
numHidden 	4
numGenes 	39
minGene 	-3.0
maxGene 	3.0
popSize 	40
maxEvaluations 	8000
selectionSize 	3
mutateRate 	0.08
mutateChange 	0.2
seed 	1585303984898
random 	java.util.Random@7ed36636
neuralNetworkClass 	class coursework.ExampleHillClimber
Training Set Training
Fitness 0.08444106701782336