0.6439389072350443,-0.08254426176309454,-0.3970159611946008,0.5619105346797287,-0.5448311568655732,0.823267839459691,-0.36651682621228243,-0.42114748679531855,-0.004877603962001181,0.19840070293142506,0.36875029055778996,-0.16146178815556453,0.30010968039197305,0.1524140152086972,-0.3452653963723331,1.4939388531901794,0.7117265026425096,-0.3738484873800858,0.12652708000077278,-0.6754102178323398,0.05042370316585659,-0.3084372166254217,-0.7296461037285564,-0.4135879683256415,-0.07224530518465327,-0.0711542452154213,-0.8538252297653162,1.4739901192364413,0.1537037045001591,-0.006192847613110425,1.1406679672249325,-0.13701274706209338,1.1113177903942868,-0.35052977345975933,1.0393286344258992,0.2896384547461802,-0.25706449338644355,0.2033421204754677,0.38160250632428083,-0.18023149210752606,-0.4793737198378286,-0.33461379028251736,0.8944226383939825,0.4615402877655741,0.25802367966755757,-0.07837297507684937,0.5872116954188938,-0.01585345462040258
numHidden 	5
numGenes 	48
minGene 	-0.5
maxGene 	0.5
popSize 	200
maxEvaluations 	12000
selectionSize 	100
mutateRate 	0.8
mutateChange 	0.1
seed 	1585408837237
random 	java.util.Random@73519f2c
neuralNetworkClass 	class coursework.ExampleHillClimber
Training Set Training
Fitness 0.018219434677331132