3.405525387192916,-1.3556482545998927,-1.2742709858714278,-1.4212626382420246,1.2642558558291008,-2.8240596619176106,-0.9761385300183302,2.627181656444857,1.6406464775386624,1.7142036270248515,2.097398488664651,-0.35277265285918813,0.9375703717185765,-2.256501981037755,-0.20336875585777528,-2.5945788584149723,-2.1199127089344216,2.3793691028463253,-0.021485218198908418,-1.9851498861080505,0.9845068923723873,-0.4720010785968859,0.5601791256226081,0.36798515147131966,-1.0669073959661666,-1.6597029747105123,0.040053693166870075,1.6429240730064232,0.7997699693384328,1.151829102994975,-0.4250409792884118,-0.5420029897474863,-0.9990094636005141,-3.0773728646717453,1.240927523483421,-1.0118273305948837,-0.9140580375011351,-2.3049741108451243,-0.023815356855403536,-2.0835691418379567,-0.048415456015308944,1.3330247487164766,2.4666318833872882,1.5542427667530871,-0.46946746842340825,-0.046728152380975885,0.20733962536740205,-1.452471914194023
numHidden 	5
numGenes 	48
minGene 	-2.5
maxGene 	2.5
popSize 	200
maxEvaluations 	12000
selectionSize 	8
mutateRate 	0.05
mutateChange 	0.16
seed 	1585405292955
random 	java.util.Random@44970ba9
neuralNetworkClass 	class coursework.ExampleHillClimber
Training Set Training
Fitness 0.01631725321994611