-0.5126713841027566,-0.42107887391552223,1.1142778225051495,-1.5313305386224942,-2.209392307668514,0.6563442592637377,-1.873861369258445,2.0795178084975645,-0.9002390942771902,0.1451381167582846,0.3215688121354361,-1.1495530489692187,-1.8820660259992439,1.1967831710828003,0.7796262616900914,1.3018615023379059,-2.7814596338768345,2.5268285811687043,1.4742097750895433,2.14404271801666,1.416647216822802,0.2549888947059409,1.7298464912772649,-0.5119623600329155,-0.45367351589324567,-1.5959897334178543,2.0163484791435966,-0.817008664309483,1.3679529370716943,0.10590427215820156,-0.07905169106418677,0.25455611642645914,2.04774950076101,-1.0322157644647583,2.41796797140855,-1.0892272894028912,2.2264513541189244,0.7594171288463891,1.9137723700840474,-0.2801787593552184,0.08478036888851831,2.1607415593520214,0.6587019283326804,-1.451697616893691,1.3004930032120976,3.269981563359983,-0.21212444764546548,1.9992151904167106
numHidden 	5
numGenes 	48
minGene 	-2.5
maxGene 	2.5
popSize 	200
maxEvaluations 	12000
selectionSize 	40
mutateRate 	0.07
mutateChange 	0.16
seed 	1585406764470
random 	java.util.Random@4f7bfb90
neuralNetworkClass 	class coursework.ExampleHillClimber
Training Set Training
Fitness 0.12456278358915217