0.4562009511205174,0.5353214174879167,0.046271726171396826,0.15331843736856746,0.16787251804868883,-0.16281244501300748,0.20335190508643095,0.30856864814870844,-1.2494129052556924,-0.8655122460449609,0.016904673781879237,-0.25692514959535684,1.1704159689172196,0.7175758527905672,-0.03551406445813807,-1.0394845470980254,0.23272710455273501,0.7754952363014468,-0.9989258158841515,1.4377210495491661,-0.11808989972484057,-0.49948610460411724,0.48276270087806106,0.40146526444219854,1.0867809830418225,-0.17062750310093208,0.43016260558356245,0.13557509779301502,0.3272002591388174,-0.38211789819387365,0.26902349675429327,-0.2278733179611562,-0.33205455071919365,0.848829145316102,0.6342101424581096,-0.2730627383244909,0.5826373522555933,-2.667285170470493,0.678057162051048,0.10226027736008919,0.27352657322656904,-1.2233226463193523,0.6852561772274335,1.0985351760928506,0.4222054450705114,-0.23098532297591476,0.3638127283592806,0.4522390709778362
numHidden 	5
numGenes 	48
minGene 	-0.5
maxGene 	0.5
popSize 	200
maxEvaluations 	12000
selectionSize 	100
mutateRate 	0.8
mutateChange 	0.1
seed 	1585409171363
random 	java.util.Random@7ed36636
neuralNetworkClass 	class coursework.ExampleHillClimber
Training Set Training
Fitness 0.012574594470503858