-0.10000000000000003,0.6,0.09999999999999998,0.7,-0.8999999999999999,2.7755575615628914E-17,0.10000000000000003,0.7999999999999999,-0.5,0.10000000000000003,0.30000000000000004,0.09999999999999998,-0.7,-0.3,0.4,-0.9999999999999999,-0.20000000000000004,-0.4,-0.20000000000000004,0.4,-0.4,0.2,0.5,-0.7,0.6,-0.1,0.09999999999999998,0.09999999999999998,0.4,-0.20000000000000004,0.30000000000000004,-0.10000000000000003,-0.5,0.7999999999999999,-0.7999999999999999,-0.5,0.4,0.5,-0.20000000000000004,-0.10000000000000003,-0.8999999999999999,-0.8999999999999999,0.3,-0.10000000000000003,-0.4,-0.5,-0.10000000000000003,0.30000000000000004
numHidden 	5
numGenes 	48
minGene 	0.0
maxGene 	0.0
popSize 	200
maxEvaluations 	12000
selectionSize 	80
mutateRate 	0.9
mutateChange 	0.1
seed 	1586435139309
random 	java.util.Random@326471f7
neuralNetworkClass 	class coursework.ExampleHillClimber
Training Set Training
Fitness 0.04198068020984559