0.4,0.10000000000000003,-0.5,-0.20000000000000004,-0.09999999999999998,0.8999999999999999,0.4,-2.7755575615628914E-17,1.2,0.9999999999999999,-0.7,0.19999999999999998,0.0,0.5,-0.7,0.30000000000000004,0.20000000000000004,-0.6,0.8999999999999999,-0.30000000000000004,-0.5,0.20000000000000004,-0.7999999999999999,-0.5,0.30000000000000004,0.8999999999999999,0.20000000000000004,0.20000000000000004,0.3,0.5,-0.7,1.0999999999999999,-0.7999999999999999,0.4,-0.7999999999999999,-0.4,0.10000000000000003,-0.20000000000000004,-0.6,-0.5,-2.7755575615628914E-17,0.7999999999999999,-2.7755575615628914E-17,0.4,-1.0999999999999999,-0.30000000000000004,-0.19999999999999998,-2.7755575615628914E-17,0.5,-0.4,0.6,1.0999999999999999,-0.4,0.19999999999999998,-0.7,0.4,-0.8999999999999999,-0.4,0.5,0.7999999999999999,0.30000000000000004,-0.4,-0.7,-0.4,0.0,-0.20000000000000004,-1.2,0.7999999999999999,-0.5,-0.8999999999999999,0.09999999999999998,0.20000000000000004,0.10000000000000003,-0.6,0.4,0.8999999999999999,0.09999999999999998,0.7,0.20000000000000004,-0.10000000000000003,0.7999999999999999,-2.7755575615628914E-17,1.2,-0.7999999999999999,-0.7999999999999999,0.20000000000000004,0.20000000000000004,-0.09999999999999998,-0.6,2.7755575615628914E-17,0.30000000000000004,0.4,0.4
numHidden 	10
numGenes 	93
minGene 	0.0
maxGene 	0.0
popSize 	200
maxEvaluations 	12000
selectionSize 	80
mutateRate 	0.8
mutateChange 	0.1
seed 	1586434459701
random 	java.util.Random@7ed36636
neuralNetworkClass 	class coursework.ExampleHillClimber
Training Set Training
Fitness 0.03904747226444468