0.04,-0.02,0.060000000000000005,0.0,0.01,-0.03,0.01,0.01,-0.01,0.019999999999999997,0.02,0.01,0.03,0.009999999999999997,-0.01,-0.05,0.02,0.0,-0.009999999999999997,-0.009999999999999997,0.019999999999999997,-0.04,-0.019999999999999997,-0.03,0.0,-0.04,-0.01,0.019999999999999997,0.01,-0.03,0.0,0.0,-0.009999999999999997,-0.03,0.060000000000000005,0.02,0.03,0.0,0.01,-0.019999999999999997,-0.01,-0.02,0.03,0.01,0.009999999999999997,0.04,0.05,0.0
numHidden 	5
numGenes 	48
minGene 	0.0
maxGene 	0.0
popSize 	200
maxEvaluations 	12000
selectionSize 	120
mutateRate 	0.6
mutateChange 	0.01
seed 	1586434023787
random 	java.util.Random@33f68e95
neuralNetworkClass 	class coursework.ExampleHillClimber
Training Set Training
Fitness 0.12898374326057963